version https://git-lfs.github.com/spec/v1
oid sha256:82a1bf72b1e24cc5ac53dd4de58a40ea5368be9c08db4a740f86cd056549ea09
size 4855
